# CBW timeplot data
# //date[substring(., 0, 4)&gt;"1900"]
1830 23
1831 22
1832 60
1833 58
1834 65
1835 45
1836 76
1837 79
1838 38
1839 68
1840 84
1841 80
1842 10
1843 52
1844 78
1845 11
1846 15
1847 23
1848 22
1849 29
1850 36
1851 37
1852 37
1853 36
1854 42
1855 20
1856 20
1857 25
1858 12
1859 12
1860 15
1861 91
1862 91
1863 17
1864 19
1865 24
1866 31
1867 31
1868 13
1869 35
1870 38
1871 32
1872 40
1873 45
1874 31
1875 22
1876 16
1877 14
1878 13
1879 17
1880 45
1881 66
1882 78
1883 60
1884 51
1885 39
1886 33
1887 49
1888 54
1889 44
1890 45
1891 56
1892 57
1893 43
1894 28
1895 25
1896 34
1897 23
1898 22
1899 31
1900 44
1901 48
1902 64
1903 85
1904 81
1905 10
1906 11
1907 12
1908 78
1909 75
1910 10
1911 87
1912 83
1913 11
1914 12
1915 32
1916 29
1917 29
1918 11
1919 14
1920 43
1921 80
1922 30
1923 52
1924 70
1925 29
1926 30
1927 33
1928 30
1929 27
1930 24
1931 97
1932 35
1933 23
1934 29
1935 34
1936 36
1937 50
1938 67
1939 82
1940 70
1941 51
1942 28
1943 23
1944 28
1945 38
1946 10
1947 14
1948 17
1949 18
1950 24
1951 20
1952 26
1953 17
1954 20
1955 23
1956 32
1957 32
1958 25
1959 26
1960 26
1961 27
1962 28
1963 30
1964 29
1965 29
1966 32
1967 36
1968 45
1969 35
1970 37
