1650 0
1651 0
1652 1
1653 0
1654 0
1655 0
1656 0
1657 0
1658 0
1659 0
1660 0
1661 0
1662 0
1663 0
1664 0
1665 0
1666 0
1667 0
1668 0
1669 0
1670 0
1671 0
1672 0
1673 0
1674 0
1675 0
1676 0
1677 0
1678 0
1679 0
1680 0
1681 0
1682 0
1683 0
1684 0
1685 0
1686 0
1687 0
1688 1
1689 0
1690 0
1691 0
1692 0
1693 0
1694 0
1695 0
1696 0
1697 0
1698 0
1699 0
1700 0
1701 0
1702 0
1703 1
1704 1
1705 0
1706 0
1707 0
1708 0
1709 0
1710 0
1711 0
1712 0
1713 0
1714 1
1715 0
1716 0
1717 0
1718 0
1719 0
1720 0
1721 0
1722 0
1723 0
1724 0
1725 0
1726 0
1727 2
1728 1
1729 0
1730 0
1731 0
1732 0
1733 0
1734 0
1735 0
1736 0
1737 0
1738 0
1739 0
1740 0
1741 0
1742 0
1743 0
1744 0
1745 0
1746 0
1747 0
1748 0
1749 0
1750 0
1751 0
1752 0
1753 0
1754 0
1755 0
1756 0
1757 0
1758 0
1759 0
1760 0
1761 0
1762 0
1763 0
1764 0
1765 0
1766 0
1767 0
1768 0
1769 0
1770 0
1771 0
1772 0
1773 0
1774 0
1775 1
1776 0
1777 1
1778 0
1779 0
1780 0
1781 0
1782 1
1783 0
1784 0
1785 0
1786 0
1787 1
1788 0
1789 0
1790 0
1791 0
1792 0
1793 0
1794 1
1795 0
1796 0
1797 0
1798 0
1799 0
1800 2
1801 0
1802 1
1803 0
1804 0
1805 0
1806 1
1807 0
1808 1
1809 0
1810 0
1811 0
1812 0
1813 1
1814 0
1815 1
1816 0
1817 1
1818 0
1819 0
1820 0
1821 0
1822 0
1823 0
1824 0
1825 1
1826 0
1827 0
1828 0
1829 2
1830 0
1831 2
1832 1
1833 5
1834 4
1835 5
1836 3
1837 3
1838 6
1839 5
1840 6
1841 1
1842 1
1843 3
1844 3
1845 3
1846 8
1847 2
1848 7
1849 3
1850 7
1851 5
1852 5
1853 3
1854 13
1855 5
1856 4
1857 6
1858 5
1859 11
1860 11
1861 8
1862 8
1863 5
1864 14
1865 10
1866 5
1867 6
1868 7
1869 6
1870 17
1871 7
1872 9
1873 6
1874 4
1875 9
1876 9
1877 8
1878 5
1879 6
1880 15
1881 6
1882 5
1883 14
1884 6
1885 10
1886 10
1887 7
1888 6
1889 14
1890 9
1891 11
1892 11
1893 15
1894 3
1895 9
1896 7
1897 8
1898 6
1899 13
1900 14
1901 5
1902 5
1903 8
1904 8
1905 11
1906 16
1907 14
1908 12
1909 17
1910 11
1911 16
1912 16
1913 14
1914 11
1915 6
1916 6
1917 5
1918 2
1919 5
1920 7
1921 2
1922 7
1923 3
1924 7
1925 5
1926 4
1927 8
1928 10
1929 16
1930 11
1931 5
1932 4
1933 8
1934 2
1935 3
1936 4
1937 1
1938 4
1939 1
1940 7
1941 3
1942 2
1943 3
1944 0
1945 2
1946 2
1947 4
1948 1
1949 3
1950 1
1951 0
1952 1
1953 0
1954 0
1955 2
1956 2
1957 1
1958 0
1959 2
1960 1
1961 0
1962 0
1963 0
1964 1
1965 1
1966 0
1967 2
1968 3
1969 0
1970 0
1971 0
1972 3
1973 1
1974 0
1975 0
1976 1
1977 2
1978 2
1979 0
1980 1
1981 2
1982 1
1983 2
1984 3
1985 3
1986 2
1987 2
1988 2
1989 3
1990 0
1991 0
1992 1
1993 3
1994 4
1995 1
1996 0
1997 2
1998 1
1999 1
2000 1
2001 1
2002 2
2003 1
2004 2
2005 0
2006 0
2007 0
2008 1
2009 0
2010 0
