1650 0
1651 0
1652 1
1653 0
1654 0
1655 0
1656 0
1657 0
1658 0
1659 0
1660 0
1661 0
1662 0
1663 0
1664 0
1665 0
1666 0
1667 0
1668 0
1669 0
1670 0
1671 0
1672 0
1673 0
1674 0
1675 0
1676 0
1677 0
1678 0
1679 0
1680 0
1681 0
1682 0
1683 0
1684 0
1685 0
1686 0
1687 0
1688 1
1689 0
1690 0
1691 0
1692 0
1693 0
1694 0
1695 0
1696 0
1697 1
1698 0
1699 0
1700 0
1701 0
1702 0
1703 1
1704 1
1705 0
1706 0
1707 0
1708 0
1709 0
1710 0
1711 0
1712 0
1713 0
1714 1
1715 0
1716 0
1717 0
1718 0
1719 0
1720 0
1721 0
1722 0
1723 0
1724 0
1725 0
1726 0
1727 2
1728 1
1729 0
1730 0
1731 0
1732 0
1733 0
1734 0
1735 0
1736 0
1737 0
1738 1
1739 0
1740 0
1741 0
1742 0
1743 0
1744 0
1745 0
1746 0
1747 0
1748 0
1749 0
1750 0
1751 0
1752 0
1753 0
1754 0
1755 0
1756 0
1757 0
1758 0
1759 1
1760 0
1761 0
1762 0
1763 0
1764 0
1765 1
1766 0
1767 0
1768 0
1769 0
1770 0
1771 0
1772 0
1773 0
1774 0
1775 2
1776 1
1777 1
1778 0
1779 0
1780 0
1781 0
1782 1
1783 0
1784 0
1785 0
1786 0
1787 1
1788 0
1789 0
1790 0
1791 0
1792 0
1793 0
1794 1
1795 0
1796 0
1797 0
1798 0
1799 0
1800 4
1801 0
1802 1
1803 0
1804 1
1805 1
1806 1
1807 2
1808 1
1809 1
1810 0
1811 0
1812 0
1813 1
1814 0
1815 1
1816 0
1817 2
1818 0
1819 1
1820 0
1821 1
1822 0
1823 0
1824 0
1825 3
1826 1
1827 2
1828 2
1829 4
1830 5
1831 6
1832 4
1833 15
1834 12
1835 10
1836 10
1837 9
1838 11
1839 7
1840 11
1841 3
1842 6
1843 9
1844 11
1845 12
1846 14
1847 8
1848 19
1849 16
1850 23
1851 22
1852 27
1853 32
1854 44
1855 33
1856 19
1857 28
1858 19
1859 31
1860 30
1861 26
1862 17
1863 14
1864 30
1865 24
1866 29
1867 16
1868 22
1869 30
1870 34
1871 14
1872 15
1873 21
1874 12
1875 27
1876 18
1877 21
1878 15
1879 18
1880 38
1881 21
1882 18
1883 34
1884 19
1885 28
1886 26
1887 26
1888 24
1889 38
1890 35
1891 24
1892 29
1893 39
1894 15
1895 36
1896 23
1897 22
1898 20
1899 27
1900 55
1901 30
1902 18
1903 15
1904 25
1905 22
1906 25
1907 29
1908 29
1909 31
1910 25
1911 28
1912 31
1913 34
1914 23
1915 21
1916 17
1917 13
1918 9
1919 18
1920 18
1921 7
1922 17
1923 17
1924 17
1925 18
1926 15
1927 27
1928 31
1929 28
1930 34
1931 15
1932 15
1933 17
1934 13
1935 14
1936 14
1937 10
1938 17
1939 9
1940 26
1941 19
1942 25
1943 9
1944 5
1945 6
1946 11
1947 12
1948 7
1949 10
1950 4
1951 1
1952 3
1953 0
1954 2
1955 9
1956 5
1957 4
1958 2
1959 5
1960 4
1961 4
1962 6
1963 4
1964 7
1965 3
1966 6
1967 3
1968 7
1969 3
1970 6
1971 5
1972 9
1973 5
1974 12
1975 12
1976 11
1977 11
1978 11
1979 7
1980 9
1981 4
1982 4
1983 5
1984 10
1985 10
1986 7
1987 4
1988 9
1989 7
1990 6
1991 3
1992 6
1993 6
1994 8
1995 9
1996 6
1997 11
1998 5
1999 2
2000 3
2001 4
2002 7
2003 4
2004 6
2005 3
2006 0
2007 3
2008 3
2009 1
2010 0

