1650 0
1651 0
1652 0
1653 0
1654 0
1655 0
1656 0
1657 0
1658 0
1659 0
1660 0
1661 0
1662 0
1663 0
1664 0
1665 0
1666 0
1667 0
1668 0
1669 0
1670 0
1671 0
1672 0
1673 0
1674 0
1675 0
1676 0
1677 0
1678 0
1679 0
1680 0
1681 0
1682 0
1683 0
1684 0
1685 0
1686 0
1687 0
1688 0
1689 0
1690 0
1691 0
1692 0
1693 0
1694 0
1695 0
1696 0
1697 0
1698 0
1699 0
1700 0
1701 0
1702 0
1703 0
1704 0
1705 0
1706 0
1707 0
1708 0
1709 0
1710 0
1711 0
1712 0
1713 0
1714 0
1715 0
1716 0
1717 0
1718 0
1719 0
1720 0
1721 0
1722 0
1723 0
1724 0
1725 0
1726 0
1727 0
1728 0
1729 0
1730 0
1731 0
1732 0
1733 0
1734 0
1735 0
1736 0
1737 0
1738 0
1739 0
1740 0
1741 0
1742 0
1743 0
1744 0
1745 0
1746 0
1747 0
1748 0
1749 0
1750 0
1751 0
1752 0
1753 0
1754 0
1755 0
1756 0
1757 0
1758 0
1759 0
1760 0
1761 0
1762 0
1763 0
1764 0
1765 0
1766 0
1767 0
1768 0
1769 0
1770 0
1771 0
1772 0
1773 0
1774 0
1775 0
1776 0
1777 0
1778 0
1779 0
1780 0
1781 0
1782 0
1783 0
1784 0
1785 0
1786 0
1787 0
1788 0
1789 0
1790 0
1791 0
1792 0
1793 0
1794 0
1795 0
1796 0
1797 0
1798 0
1799 0
1800 0
1801 0
1802 0
1803 0
1804 0
1805 0
1806 0
1807 1
1808 0
1809 0
1810 0
1811 0
1812 0
1813 0
1814 0
1815 0
1816 0
1817 1
1818 0
1819 0
1820 0
1821 0
1822 0
1823 0
1824 0
1825 0
1826 0
1827 0
1828 0
1829 0
1830 0
1831 0
1832 1
1833 3
1834 4
1835 1
1836 3
1837 3
1838 0
1839 2
1840 2
1841 1
1842 3
1843 2
1844 3
1845 5
1846 4
1847 0
1848 6
1849 6
1850 6
1851 6
1852 10
1853 8
1854 10
1855 13
1856 7
1857 6
1858 6
1859 7
1860 10
1861 10
1862 2
1863 0
1864 4
1865 4
1866 5
1867 4
1868 8
1869 5
1870 5
1871 4
1872 2
1873 7
1874 5
1875 6
1876 2
1877 6
1878 5
1879 3
1880 6
1881 6
1882 3
1883 9
1884 2
1885 7
1886 7
1887 9
1888 5
1889 9
1890 15
1891 5
1892 7
1893 9
1894 5
1895 9
1896 6
1897 6
1898 8
1899 6
1900 15
1901 10
1902 3
1903 2
1904 6
1905 3
1906 4
1907 8
1908 8
1909 3
1910 7
1911 6
1912 9
1913 10
1914 4
1915 7
1916 3
1917 7
1918 4
1919 5
1920 2
1921 1
1922 3
1923 5
1924 4
1925 8
1926 4
1927 12
1928 11
1929 5
1930 10
1931 4
1932 4
1933 2
1934 4
1935 7
1936 5
1937 2
1938 7
1939 3
1940 7
1941 8
1942 8
1943 2
1944 0
1945 3
1946 6
1947 2
1948 0
1949 2
1950 1
1951 1
1952 1
1953 0
1954 1
1955 3
1956 2
1957 2
1958 1
1959 0
1960 1
1961 1
1962 4
1963 3
1964 5
1965 1
1966 2
1967 0
1968 1
1969 1
1970 1
1971 1
1972 3
1973 1
1974 5
1975 4
1976 5
1977 3
1978 3
1979 2
1980 4
1981 0
1982 1
1983 2
1984 2
1985 3
1986 1
1987 0
1988 2
1989 1
1990 4
1991 2
1992 0
1993 2
1994 1
1995 3
1996 2
1997 2
1998 2
1999 0
2000 2
2001 0
2002 1
2003 2
2004 3
2005 1
2006 0
2007 2
2008 1
2009 1
2010 0
